Adagrad
accuracy: 0.64279551
precision: 0.62222222
recall: 0.72538860
in_features: 360 h: 32 64 32 64 128 64 128 32 128 32 64 out: 2
epoch : 3000
negative_slope : 0.1
dropout : 0.8
