Adagrad
accuracy: 0.67721519
precision: 0.71212121
recall: 0.59493671
in_features: 360 h: 32 64 32 64 128 64 128 32 128 32 64 out: 2
epoch : 1500
negative_slope : 0.1
dropout : 0.5
