Adamax
accuracy: 0.63513514
precision: 0.64563107
recall: 0.59909910
in_features: 360 h: 32 64 32 64 128 64 128 32 128 32 64 out: 2
epoch : 3000
negative_slope : 0.1
dropout : 0.8
