Adamax
accuracy: 0.67241379
precision: 0.72727273
recall: 0.55172414
in_features: 360 h: 32 64 32 64 128 64 128 32 128 32 64 out: 2
epoch : 3000
negative_slope : 0.1
dropout : 0.8
