Adamax
accuracy: 0.64847635
precision: 0.65140479
recall: 0.63861260
in_features: 360 h: 32 64 32 64 128 64 128 32 128 32 64 out: 2
epoch : 10000
negative_slope : 0.1
dropout : 0.8
