Adamax
accuracy: 0.73684211
precision: 0.66666667
recall: 0.88888889
in_features: 360 h: 32 64 32 64 128 64 128 32 128 32 64 out: 2
epoch : 1500
negative_slope : 0.1
dropout : 0.5
