NAdam
accuracy: 0.50006312
precision: 0.00000000
recall: 0.00000000
in_features: 360 h: 1024 64 256 8 400 64 128 32 128 32 64 out: 2
epoch : 1000
negative_slope : 0.1
dropout : 0.5
